1
2
3
4
5
6
7
10
13
14
15
16
17
19
21
24
25
26
28
29
30
31
32
39
40
41
42
45
46
47
64
68
70
71
75
77
78
79
81
84
85
86
87
90
91
92
93
95
101
102
103
104
106
107
109
110
116
118
121
122
124
125
126
127
130
131
133
135
138
144
149
150
154
157
161
163
164
165
166
167
168
169
171
179
180
182
183
184
187
188
189
190
193
194
196
197
198
199
200
202
205
207
210
214
215
216
220
221
222
223
232
233
234
237
238
239
241
244
245
246
247
252
253
254
261
265
266
268
269
272
273
274
278
280
281
282
287
289
290
298
300
302
304
307
308
311
313
314
315
321
326
328
329
331
337
338
340
342
348
349
351
360
363
364
365
366
367
372
373
374
375
377
378
379
384
385
386
389
390
397
400
404
406
407
408
413
416
418
424
426
427
428
430
432
434
438
439
445
448
449
452
454
455
456
459
463
467
472
477
480
483
484
487
488
489
490
491
494
502
505
506
507
514
518
520
521
525
526
527
531
533
537
538
539
543
549
552
553
554
555
557
559
561
563
564
567
568
570
571
572
573
574
575
576
579
580
581
582
584
586
587
589
592
595
596
597
599
601
602
606
608
610
611
613
615
616
619
620
622
625
626
628
629
630
632
635
638
639
643
645
648
653
656
661
663
664
665
666
676
677
678
679
680
681
685
686
687
688
689
690
691
693
696
697
698
702
703
705
706
707
708
710
711
712
714
715
716
718
719
720
721
722
723
726
727
728
729
730
731
734
736
737
740
741
743
744
748
749
751
752
753
758
759
761
762
768
769
772
773
774
775
776
779
781
785
788
789
790
793
794
796
797
798
799
804
808
810
811
812
813
814
816
818
819
820
822
824
825
826
828
829
831
838
839
843
847
848
850
852
854
855
856
859
860
862
863
864
865
867
868
869
871
872
877
880
883
884
885
888
889
892
893
894
896
897
898
899
900
902
903
904
906
909
910
912
913
916
917
919
920
921
922
923
924
928
929
931
934
935
936
937
938
939
940
944
945
947
949
951
952
954
957
958
959
960
961
962
964
967
968
971
973
975
976
978
979
980
981
983
984
985
987
990
992
996
998
999
1000
1001
1002
1005
1006
1008
1012
1019
1023
1026
1027
1029
1030
1034
1035
1036
1037
1038
1039
1041
1049
1054
1060
1061
1062
1063
1065
1066
1067
1070
1071
1072
1074
1076
1077
1078
1079
1083
1084
1085
1086
1087
1088
1089
1094
1096
1097
1098
1099
1100
1109
1113
1114
1115
1117
1118
1242
